680
161
72
311
892
512
142
308
574
532
127
757
953
448
201
215
412
878
496
242
353
781
721
976
757
390
945
29
189
942
718
970
634
38
159
80
593
219
526
218
301
344
183
654
219
612
433
977
269
908
984
571
226
232
86
226
702
872
849
806
934
91
923
63
134
331
876
906
406
427
109
918
953
943
665
693
196
520
778
652
773
95
109
983
52
435
234
247
89
459
829
343
788
848
168
10
911
819
584
678
326
337
942
268
104
213
383
537
904
310
907
472
941
710
939
727
19
36
261
317
563
417
896
231
739
376
993
120
521
139
396
959
168
801
437
359
998
209
849
460
935
848
659
686
162
75
869
203
848
468
961
363
188
208
946
774
560
742
212
535
324
900
647
625
474
372
291
731
43
853
680
470
151
33
30
982
401
767
633
81
782
287
410
218
9
987
684
531
48
465
940
501
14
155
954
132
205
852
111
805
725
593
162
577
532
201
889
599
187
95
646
102
76
654
175
275
709
992
38
437
500
960
537
582
493
615
304
904
416
435
694
315
744
294
985
719
552
839
483
468
177
556
41
908
146
955
467
641
649
84
595
536
4
528
35
499
265
188
276
420
163
600
66
666
137
156
455
132
818
522
172
319
223
812
573
740
819
116
277
457
479
641
954
793
258
503
674
248
565
290
40
4
883
478
711
306
247
767
995
622
947
93
929
312
933
407
540
81
359
554
908
449
976
232
179
728
284
668
674
324
78
491
697
161
457
914
874
610
457
216
973
163
5
152
427
895
421
627
104
205
557
658
934
314
777
168
218
703
446
802
72
520
188
20
492
661
560
880
722
390
670
391
383
554
202
311
284
799
805
684
506
646
843
333
292
436
542
942
141
504
302
545
368
121
876
683
38
794
925
787
955
196
99
193
20
708
640
907
384
964
610
317
92
417
609
712
637
849
388
498
855
927
551
968
585
177
797
82
151
70
398
713
652
281
120
627
655
492
266
301
517
701
665
864
917
567
980
792
166
798
792
847
322
994
841
445
544
659
395
177
293
357
702
682
449
764
147
569
388
313
151
813
99
620
721
998
940
108
463
366
919
236
959
26
455
54
915
948
95
240
860
701
235
68
624
620
33
571
383
205
830
974
322
370
56
536
165
916
384
357
429
810
153
841
497
663
512
148
319
869
496
860
91
533
324
164
98
732
449
201
203
359
450
572
455
744
142
952
119
38
643
521
190
464
452
487
711
60
673
880
805
376
225
695
623
712
513
265
973
132
714
808
371
43
975
266
849
121
51
377
459
540
643
128
678
40
328
353
580
908
756
633
78
427
788
496
991
288
633
129
818
152
74
431
83
916
148
606
392
325
429
386
210
170
62
53
198
706
325
661
56
699
446
634
181
903
1
14
583
80
136
95
419
652
299
27
89
629
114
617
317
458
539
108
405
274
328
320
43
383
906
875
76
215
398
368
335
37
138
292
403
652
316
254
440
367
588
491
543
964
205
500
394
956
145
150
278
223
720
385
845
581
769
57
774
312
71
327
802
757
121
688
908
300
74
934
131
754
914
878
51
746
397
106
731
566
496
29
166
674
961
242
718
429
64
767
713
180
961
319
625
172
198
907
169
771
614
543
558
852
716
713
892
287
1
704
937
72
863
907
865
902
415
25
307
827
523
103
379
796
448
665
669
652
530
144
4
509
781
914
762
439
241
816
994
545
787
121
758
441
621
442
814
977
321
501
568
455
393
997
659
58
355
835
331
210
398
601
981
118
641
374
565
586
705
590
896
67
482
401
78
817
92
458
465
950
276
714
720
955
951
199
578
826
768
281
99
827
402
260
880
241
756
441
697
878
45
828
603
560
54
869
659
363
563
264
392
521
769
617
121
739
909
511
830
372
338
943
39
119
176
687
97
634
986
997
977
715
842
160
37
435
198
181
495
366
195
604
550
672
859
13
870
166
369
402
676
120
324
779
864
599
533
304
625
186
844
185
339
814
382
623
735
961
394
890
678
398
845
100
710
303
87
306
299
22
464
955
150
355
860
307
939
589
815
409
438
358
511
20
628
133
662
442
860
398
195
598
462
661
582
708
632
877
211
271
15
33
28
310
946
973
536
518
839
347
794
435
667
444
160
634
59
941
848
10
462
700
643
643
174
56
84
634
8
415
707
682
548
468
801
170
364
171
295
538
131
398
418
818
448
113
62
595
482
463
445
482
967
622
451
223
631
825
362
728
810
86
84
357
403
401
427
703
537
364
279
75
989
943
555
702
211
542
502
564
462
946
846
792
615
634
431
206
477
910
973
700
270
155
581
475
622
497
5
115
137
958
461
582
972
286
19
375
