134
820
1
57
94
812
272
898
65
783
985
751
946
691
849
52
536
297
49
514
5
643
627
302
973
63
349
556
182
609
662
517
456
517
661
959
310
389
272
644
675
585
811
333
334
331
216
222
325
168
590
446
157
772
945
708
637
732
418
793
91
366
101
65
304
343
623
298
632
311
693
770
580
215
244
307
548
885
845
78
804
620
911
212
435
396
425
63
246
114
675
427
428
702
25
854
596
944
913
426
520
191
744
506
721
875
774
851
881
42
550
538
261
960
868
433
187
568
605
849
42
826
132
664
537
494
469
499
283
408
657
978
504
793
845
264
217
748
790
956
522
880
306
244
220
333
836
62
722
638
110
360
349
40
481
679
932
549
507
148
649
909
15
360
230
304
796
895
790
497
351
286
47
926
886
564
235
272
61
677
122
924
38
429
691
107
55
452
590
192
371
103
259
400
454
707
333
962
693
7
43
607
751
990
446
887
50
2
319
616
206
550
463
295
881
111
605
666
523
821
991
262
370
914
483
608
443
146
996
487
668
328
121
384
443
949
896
804
607
284
878
698
736
908
544
504
45
863
348
68
560
934
257
282
58
491
690
323
672
783
597
381
647
270
635
640
426
137
925
481
299
939
618
956
546
762
131
645
199
448
429
798
924
100
736
107
276
740
581
914
599
941
285
947
184
115
484
581
428
936
25
562
189
495
523
778
826
404
958
522
125
581
813
525
280
171
754
739
759
591
507
553
84
27
416
835
76
534
978
341
388
664
523
407
269
275
222
793
999
978
121
183
676
508
178
984
52
177
880
611
859
334
699
667
380
491
584
128
379
687
603
548
45
312
782
416
639
780
922
428
145
709
424
332
960
319
462
194
787
303
345
640
175
490
985
34
181
286
900
452
101
541
427
112
838
237
360
860
747
745
599
271
896
705
64
362
309
506
511
48
358
423
247
86
184
171
856
156
99
407
598
232
155
145
334
790
674
905
933
59
728
871
455
821
310
67
777
253
371
362
2
619
965
889
313
414
297
365
912
259
546
142
539
701
187
535
66
837
67
647
624
538
333
286
797
170
343
659
50
562
948
252
191
622
975
932
937
385
631
291
160
832
500
728
435
965
524
228
464
857
714
394
105
377
717
725
45
713
325
322
590
747
562
337
238
42
331
132
851
916
931
704
744
203
197
949
685
21
959
486
298
634
475
152
541
7
152
318
761
861
891
967
76
794
401
502
615
394
253
28
871
701
6
434
230
979
867
163
588
683
788
320
756
692
862
127
607
464
647
308
706
223
290
80
280
99
264
448
669
898
549
961
28
982
64
321
740
687
696
491
229
563
433
301
12
398
113
163
306
905
220
177
866
976
243
259
540
929
421
779
222
218
589
27
582
197
342
603
566
155
669
691
408
874
768
535
933
924
251
39
695
34
850
745
581
636
195
344
851
963
201
102
644
262
85
638
63
250
610
96
350
889
976
401
15
238
273
867
573
509
78
422
367
63
733
81
278
748
136
899
374
538
52
929
202
671
338
678
714
864
667
522
379
718
77
902
289
137
553
662
376
117
781
746
126
334
22
628
113
702
260
71
392
112
270
751
324
273
145
455
792
215
338
353
466
28
431
668
534
418
521
458
644
681
534
703
839
434
809
149
65
26
48
566
903
761
763
892
130
990
492
404
637
76
664
606
617
262
968
554
771
517
867
672
873
415
56
61
212
972
705
529
422
688
262
723
151
601
57
948
163
655
945
713
682
317
540
581
170
505
623
401
247
522
948
300
875
284
724
860
179
556
108
139
576
660
683
852
179
995
288
281
626
271
236
881
436
717
29
72
97
352
577
881
879
770
709
96
580
277
697
475
450
866
593
278
67
232
108
496
552
219
405
685
810
861
386
818
884
157
214
529
954
621
786
34
499
91
26
750
902
516
648
109
104
397
850
516
332
936
427
334
772
361
464
362
782
513
838
52
554
51
801
404
920
827
297
687
471
1
642
631
76
216
384
451
579
992
716
509
122
238
620
383
567
880
809
934
218
479
749
586
351
402
472
379
852
559
836
333
649
9
579
567
253
259
357
992
388
59
994
640
825
834
149
266
796
645
73
235
965
276
801
214
282
840
95
592
340
448
717
784
608
294
178
295
38
613
356
943
817
820
12
39
105
157
905
310
155
522
927
829
96
860
247
820
852
940
17
635
333
537
429
67
555
775
161
442
19
598
46
673
651
311
344
267
820
726
225
589
333
511
110
605
599
549
690
463
559
427
297
778
495
493
378
737
741
440
952
374
422
710
20
104
859
551
96
475
528
187
847
730
528
468
281
676
367
427
750
216
800
811
804
771
