13
667
336
353
526
525
54
786
790
531
6
267
331
348
455
350
179
24
293
418
723
669
42
132
773
855
635
105
966
997
242
836
468
566
831
745
75
241
396
560
246
659
546
756
251
728
372
51
947
909
390
50
693
974
59
867
109
501
902
288
316
851
598
181
214
595
792
485
100
675
774
362
67
54
666
201
563
949
140
802
277
53
723
109
634
938
581
924
401
707
435
385
983
200
34
653
51
500
89
742
125
736
125
529
90
761
824
842
306
750
144
822
727
430
97
131
808
271
937
902
323
256
142
418
246
786
835
994
353
859
813
413
261
850
454
720
510
708
692
713
839
374
277
119
947
900
538
396
740
5
994
918
383
492
646
15
976
918
364
319
117
441
427
889
60
831
346
573
964
510
379
267
158
153
100
739
85
899
719
757
476
546
244
810
475
156
509
903
175
824
778
101
44
549
906
93
313
588
112
390
425
749
178
246
465
814
836
490
965
246
53
694
752
104
514
523
744
943
47
68
274
236
640
26
639
254
441
826
275
466
972
932
308
488
489
165
529
686
545
724
917
955
785
432
455
177
146
865
298
408
410
768
882
929
617
377
266
797
937
689
757
303
401
499
463
260
542
150
476
425
709
655
906
104
116
902
511
477
464
920
782
80
64
199
85
44
775
877
208
316
406
517
160
141
857
472
472
71
22
345
211
806
613
206
365
475
757
522
287
295
400
281
803
619
431
299
930
991
642
413
178
455
909
817
788
377
685
150
751
418
65
449
86
206
605
676
155
738
166
567
531
679
287
73
409
678
286
256
196
462
164
120
981
977
119
745
86
4
892
106
50
638
939
551
592
225
476
889
874
535
916
270
670
797
680
425
293
98
570
797
213
567
943
446
442
133
741
541
266
860
821
588
681
581
384
896
293
666
373
308
18
626
791
503
249
474
317
763
395
484
246
736
601
173
179
568
567
576
863
724
945
368
219
491
678
882
893
230
413
75
188
706
199
998
690
879
190
325
271
132
847
98
494
899
127
963
949
836
558
175
936
829
858
181
706
69
790
34
881
661
475
198
956
930
743
42
250
576
917
906
194
189
697
896
787
229
432
483
868
504
17
392
323
830
67
961
322
296
651
698
172
712
318
976
2
522
438
812
819
924
670
963
836
377
555
55
893
421
176
460
228
863
47
447
68
374
91
407
193
703
934
361
46
869
207
899
846
218
796
669
996
567
733
874
799
286
34
508
897
439
325
301
809
881
209
895
169
827
362
271
275
577
33
267
61
955
868
874
819
298
409
165
404
437
684
485
939
386
683
885
641
195
354
389
208
325
962
822
109
784
291
522
644
463
944
36
421
217
474
115
89
248
418
499
249
296
209
927
796
808
915
915
615
24
993
872
332
323
481
643
297
861
537
615
498
782
794
925
487
675
984
680
724
917
464
666
76
192
39
788
105
647
887
31
141
964
702
943
637
105
794
538
364
863
449
519
75
198
349
885
279
348
4
146
752
476
612
648
328
327
350
542
889
977
899
347
694
625
689
966
929
479
339
445
449
790
274
224
915
112
925
965
872
470
822
533
267
489
388
837
250
91
360
957
956
16
696
230
803
987
90
594
611
941
925
761
485
363
108
409
897
700
619
291
710
827
687
468
729
416
222
3
292
541
350
487
421
16
523
993
453
295
837
380
36
548
822
777
399
145
425
294
232
6
452
341
487
189
584
988
149
400
864
80
988
743
28
829
485
37
532
255
260
468
704
83
270
761
326
257
320
529
542
206
158
353
693
192
240
287
599
965
920
789
714
931
7
220
411
854
524
787
905
105
436
43
858
790
710
831
234
420
343
40
645
434
128
584
893
436
463
656
73
100
200
622
300
129
319
439
675
705
21
693
321
72
451
58
128
491
75
21
413
597
377
563
56
799
74
856
629
897
303
325
903
884
930
469
309
357
623
558
601
323
683
734
219
423
160
100
243
157
355
176
485
989
834
138
950
155
86
198
500
225
976
327
288
350
978
338
110
202
611
893
89
841
166
403
804
527
296
779
221
775
371
808
96
858
517
398
123
663
736
80
656
233
983
590
181
798
570
7
687
861
348
307
263
620
832
656
709
447
26
4
871
862
425
172
999
33
376
596
164
358
179
951
543
161
799
790
761
159
37
104
670
539
959
570
258
527
22
366
626
480
225
495
648
65
494
567
107
234
283
302
165
820
933
525
360
144
574
233
571
636
406
97
459
821
483
114
298
926
256
116
836
952
837
136
974
688
153
532
379
111
601
872
650
927
522
176
53
371
440
516
494
493
354
88
193
154
941
915
920
130
265
355
229
662
449
528
258
271
722
930
